797936229367025664
797933173233434624
797926483096281088
797915708927672321
797911386575618048
797905379346653184
797895032044802048
797881835841880064
797877575624200192
797876036520116224
797870027680714759
797855425093890052
797846743606034432
797820274842419200
797819525605588992
797812014924132353
797808991652954112
797807878916734976
797802523956486144
797764136608337920
797586023337381888
797567402649284608
797548341974405120
797541240120152064
797537797942951936
797512008790867969
797501816271491072
797483109474242560
797464347014496256
797450945361772544
797306182109163520
797302892575199232
797296572082122752
797285432300015616
797281007917563904
797274930194698240
797273465334235136
797268229148311553
797263946948419585
797263472908062720
797263398207680512
797262142235873280
797257985710030848
797256722582818820
797250011323056128
797242479305232384
797241220112195584
797238486025863168
797236348411346944
797235733345878016
797234458940309504
797223640983076864
797213519502602240
797212177975349249
797210803103526912
797207145599135744
797198725424807936
797196857906757632
797183368978952192
797178087607767040
797175703909371904
797172551692812289
797164497781850113
797160723981987840
797156447960305664
797155815769706496
797154432605634560
797152418790313985
797145623749345280
797139837535064064
797128008008081409
797125995035815936
797123863851180032
797115425448464385
797105072861757440
797102398107848709
797096690327154688
797094340850028544
797091814448758785
797085980180226048
797076916687765504
797076411613843456
797065596345155588
797061191617155072
797058047835275265
797056284625408000
797053771469746176
797046221965848576
797041184757649409
797038668489834496
797036515163602945
797033882608668672
797032624065835009
797027594440998912
797026332379058176
797025074259886080
797022557421654016
797020653736099840
797020040914698240
797017524747599872
797015008215502848
797012491704401920
797009974761320448
797007458527023104
797005162502115328
796967505763979264
796956088591642624
796952347226284033
796951845688184833
796937114533396481
796925028935827456
796924383818301440
796923031306305536
796920401767104512
796907561966567424
796898998086942720
796889182891376640
796888311184945153
796887310172352512
796886031756890117
796881757756858368
796878866203680768
796875362172997632
796874863722070016
796869316079665152
796867542400847873
796862647505453056
796861984390123520
796860912732934144
796859235170680832
796858353196601345
796856718881943553
796854669729550337
796854204413472772
796850907614941184
796844429743194116
796841631077040129
796841245041491969
796839280970792961
796839219415183372
796828283304288256
796824845250134016
796824509038919680
796820225429831680
796819487072849921
796818455626399744
796812082825949184
796808405801455616
796795335469400064
796794952906784768
796791961143234560
796784996564533248
796783634879565824
796781470291546116
796779460779474945
796777196325076992
796775207616860160
796773595347226625
796772896639041536
796772010638639104
796760888149676033
796755913768050688
796750266825605120
796747194565095430
796745490071166976
796744287346184192
796742563248111616
796739953770328070
796737586102464512
796731644581445632
796729632498286596
796722554387963904
796719819634655233
796718052599615488
796714779423477760
796711294997004289
796707985842196485
796704209961881601
796701190264356864
796695653976076289
796692381844307968
796684087008305152
796681560716091392
796678659990024192
796676024247451648
796674766996381696
796674746964447232
796673125828198400
796663189547216896
796655640034902020
796653358698401792
796645824872718336
796630353624571904
796627349513105408
796604557547732992
796601165077213184
796597246796173312
796571363884601344
796567037329940480
796564545435209728
796563287668391936
796557568357306368
796554480129114112
796550694719229952
796549702053457925
796549309143584769
796548090740297729
796543474711437313
796538798192660481
796536429471899648
796529182855532544
796525043836682240
796523650425962496
796519335925719040
796517986546970625
796516107414802432
796511317494558720